58
94
49
98
58
47
69
28
31
56
80
92
26
67
89
3
98
40
20
19
92
54
58
56
50
69
72
97
99
70
7
35
35
74
67
87
18
21
55
93
90
8
49
53
79
39
59
31
97
16
39
20
13
57
84
35
14
81
58
62
79
34
4
64
51
96
40
5
88
38
19
50
56
89
63
96
58
49
11
52
42
16
87
48
49
0
70
20
64
70
33
95
86
88
5
23
5
59
80
48
14
68
28
13
54
58
13
8
55
43
22
32
67
88
0
46
79
63
39
38
95
87
94
16
10
59
78
61
34
96
30
75
74
5
14
54
40
85
18
15
94
28
19
14
32
47
33
39
93
74
68
86
4
76
89
89
6
27
23
8
53
78
88
3
15
16
58
51
97
42
92
38
59
60
86
31
27
70
92
99
86
30
96
90
78
19
42
97
26
23
61
43
31
94
8
88
89
20
39
50
46
70
21
24
75
42
16
18
26
88
63
70
63
85
35
73
31
65
89
77
62
21
28
63
24
36
48
2
21
71
18
90
99
65
34
12
77
16
32
19
9
82
96
92
54
32
26
7
77
73
69
69
42
88
7
78
92
27
66
8
73
4
2
59
71
10
8
5
29
93
19
58
90
19
89
40
57
83
76
20
48
12
80
33
87
44
30
26
50
51
31
24
95
47
32
26
55
13
77
92
43
81
60
64
71
96
71
7
70
11
94
65
14
17
32
12
79
93
46
43
71
2
43
32
14
7
55
34
47
19
86
73
83
24
39
84
80
72
90
69
91
34
15
29
36
81
59
39
88
71
26
47
82
17
90
89
65
54
23
75
22
72
35
24
85
58
49
18
11
60
42
66
91
57
72
45
65
91
43
66
53
74
70
20
32
62
72
14
19
83
73
78
73
27
67
80
46
35
17
50
29
12
19
34
30
61
40
7
83
73
97
41
26
50
11
41
21
45
45
41
81
78
84
74
59
41
64
42
88
83
32
21
89
43
85
52
33
48
7
53
43
19
42
28
23
47
20
18
20
5
81
44
60
99
4
39
93
69
13
18
45
22
33
30
13
81
24
37
62
35
50
94
49
26
60
98
37
37
46
56
58
7
20
76
93
38
90
97
7
36
41
76
60
48
20
13
22
31
31
53
47
3
28
79
68
62
36
28
2
8
80
46
83
10
73
36
87
71
21
1
97
25
82
88
73
9
58
47
8
69
96
15
55
90
49
35
57
62
73
66
76
60
31
96
95
19
42
46
37
94
50
89
58
33
90
81
13
73
6
35
74
6
49
17
38
2
42
94
19
10
5
56
78
73
42
87
13
85
1
48
89
11
40
60
83
35
50
84
62
89
45
13
29
78
56
41
56
49
15
68
51
51
11
78
28
63
53
29
53
85
55
23
39
90
52
67
55
88
34
29
10
99
74
53
16
62
11
60
21
17
2
38
37
25
11
99
58
63
25
60
49
83
81
83
29
83
57
88
24
19
42
40
52
52
9
24
21
58
31
50
25
5
54
90
49
79
32
40
20
95
41
80
19
77
65
68
25
62
23
66
91
65
58
52
79
92
59
89
17
5
0
54
5
48
28
35
6
34
75
49
11
24
73
75
39
2
32
33
89
71
87
29
11
54
74
83
34
64
35
32
11
60
18
18
12
68
54
62
73
93
97
46
50
91
34
47
27
88
54
76
95
31
8
66
78
21
34
15
26
54
98
22
9
6
1
8
26
36
12
65
61
65
24
22
24
82
92
11
81
83
6
67
74
72
31
88
45
26
2
56
48
75
91
73
32
88
25
61
51
36
20
87
95
89
77
54
79
26
62
96
81
40
6
14
62
23
59
15
75
10
45
84
73
8
58
84
55
13
81
72
15
75
61
48
15
66
80
34
39
84
16
45
89
3
33
35
31
25
28
63
5
41
93
1
7
15
0
0
0
30
23
99
78
7
96
61
76
91
49
62
98
70
30
34
23
75
58
48
6
36
83
85
79
54
52
73
96
86
56
3
48
35
17
64
93
91
19
37
35
97
28
94
25
86
33
59
67
25
47
90
85
33
7
48
8
38
7
97
11
31
39
88
6
90
5
72
2
71
18
16
36
0
81
13
73
22
93
81
59
72
90
53
30
45
9
20
29
60
86
36
96
28
32
3
44
30
89
27
23
39
43
38
39
95
47
4
89
16
68
98
20
21
8
25
76
78
64
94
10
33
86
85
96
51
88
44
79
81
62
68
35
11
21
44
31
14
48
3
48
46
1
25
13
19
53
65
91
33
56
9
